At time 1699853680.902490535
- Translation: [0.000, 0.000, 0.000]
- Rotation: in Quaternion [0.000, 0.000, -0.656, 0.754]
- Rotation: in RPY (radian) [0.000, 0.000, -1.432]
- Rotation: in RPY (degree) [0.000, 0.000, -82.062]
- Matrix:
  0.138  0.990  0.000  0.000
 -0.990  0.138 -0.000  0.000
 -0.000  0.000  1.000  0.000
  0.000  0.000  0.000  1.000
At time 1699853681.910131987
- Translation: [0.000, 0.000, 0.000]
- Rotation: in Quaternion [0.000, 0.000, -0.656, 0.754]
- Rotation: in RPY (radian) [0.000, 0.000, -1.432]
- Rotation: in RPY (degree) [0.000, 0.000, -82.062]
- Matrix:
  0.138  0.990  0.000  0.000
 -0.990  0.138 -0.000  0.000
 -0.000  0.000  1.000  0.000
  0.000  0.000  0.000  1.000
At time 1699853682.901221665
- Translation: [0.487, 0.867, 0.000]
- Rotation: in Quaternion [0.000, 0.000, -0.793, 0.609]
- Rotation: in RPY (radian) [0.000, 0.000, -1.832]
- Rotation: in RPY (degree) [0.000, 0.000, -104.939]
- Matrix:
 -0.258  0.966  0.000  0.487
 -0.966 -0.258 -0.000  0.867
 -0.000  0.000  1.000  0.000
  0.000  0.000  0.000  1.000
At time 1699853683.910183910
- Translation: [0.246, -0.616, 0.000]
- Rotation: in Quaternion [0.000, 0.000, 0.881, -0.474]
- Rotation: in RPY (radian) [0.000, -0.000, -2.154]
- Rotation: in RPY (degree) [0.000, -0.000, -123.412]
- Matrix:
 -0.551  0.835  0.000  0.246
 -0.835 -0.551  0.000 -0.616
  0.000  0.000  1.000  0.000
  0.000  0.000  0.000  1.000
At time 1699853684.901739205
- Translation: [0.721, -0.616, 0.000]
- Rotation: in Quaternion [0.000, 0.000, 0.121, 0.993]
- Rotation: in RPY (radian) [0.000, -0.000, 0.243]
- Rotation: in RPY (degree) [0.000, -0.000, 13.905]
- Matrix:
  0.971 -0.240  0.000  0.721
  0.240  0.971  0.000 -0.616
  0.000  0.000  1.000  0.000
  0.000  0.000  0.000  1.000
At time 1699853685.910173680
- Translation: [0.613, 0.065, 0.000]
- Rotation: in Quaternion [0.000, 0.000, 0.527, 0.850]
- Rotation: in RPY (radian) [0.000, -0.000, 1.110]
- Rotation: in RPY (degree) [0.000, -0.000, 63.617]
- Matrix:
  0.444 -0.896  0.000  0.613
  0.896  0.444  0.000  0.065
  0.000  0.000  1.000  0.000
  0.000  0.000  0.000  1.000
At time 1699853686.902390416
- Translation: [0.577, 0.428, 0.000]
- Rotation: in Quaternion [0.000, 0.000, 0.760, 0.650]
- Rotation: in RPY (radian) [0.000, -0.000, 1.728]
- Rotation: in RPY (degree) [0.000, -0.000, 98.982]
- Matrix:
 -0.156 -0.988  0.000  0.577
  0.988 -0.156  0.000  0.428
  0.000  0.000  1.000  0.000
  0.000  0.000  0.000  1.000
At time 1699853687.909280691
- Translation: [0.859, 1.212, 0.000]
- Rotation: in Quaternion [0.000, 0.000, 0.654, 0.757]
- Rotation: in RPY (radian) [0.000, -0.000, 1.425]
- Rotation: in RPY (degree) [0.000, -0.000, 81.642]
- Matrix:
  0.145 -0.989  0.000  0.859
  0.989  0.145  0.000  1.212
  0.000  0.000  1.000  0.000
  0.000  0.000  0.000  1.000
At time 1699853688.902468805
- Translation: [1.117, 0.930, 0.000]
- Rotation: in Quaternion [0.000, 0.000, 0.824, 0.567]
- Rotation: in RPY (radian) [0.000, -0.000, 1.937]
- Rotation: in RPY (degree) [0.000, -0.000, 110.956]
- Matrix:
 -0.358 -0.934  0.000  1.117
  0.934 -0.358  0.000  0.930
  0.000  0.000  1.000  0.000
  0.000  0.000  0.000  1.000
At time 1699853689.909313623
- Translation: [0.830, 0.295, 0.000]
- Rotation: in Quaternion [0.000, 0.000, 0.959, 0.282]
- Rotation: in RPY (radian) [0.000, -0.000, 2.570]
- Rotation: in RPY (degree) [0.000, -0.000, 147.251]
- Matrix:
 -0.841 -0.541  0.000  0.830
  0.541 -0.841  0.000  0.295
  0.000  0.000  1.000  0.000
  0.000  0.000  0.000  1.000
At time 1699853690.902436188
- Translation: [0.455, 0.073, 0.000]
- Rotation: in Quaternion [0.000, 0.000, 0.899, 0.438]
- Rotation: in RPY (radian) [0.000, -0.000, 2.234]
- Rotation: in RPY (degree) [0.000, -0.000, 128.008]
- Matrix:
 -0.616 -0.788  0.000  0.455
  0.788 -0.616  0.000  0.073
  0.000  0.000  1.000  0.000
  0.000  0.000  0.000  1.000
At time 1699853691.910046555
- Translation: [-0.208, 0.217, 0.000]
- Rotation: in Quaternion [0.000, 0.000, 0.977, 0.213]
- Rotation: in RPY (radian) [0.000, -0.000, 2.712]
- Rotation: in RPY (degree) [0.000, -0.000, 155.397]
- Matrix:
 -0.909 -0.416  0.000 -0.208
  0.416 -0.909  0.000  0.217
  0.000  0.000  1.000  0.000
  0.000  0.000  0.000  1.000
At time 1699853692.902316191
- Translation: [0.926, 2.233, 0.000]
- Rotation: in Quaternion [0.000, 0.000, 0.519, 0.855]
- Rotation: in RPY (radian) [0.000, -0.000, 1.092]
- Rotation: in RPY (degree) [0.000, -0.000, 62.548]
- Matrix:
  0.461 -0.887  0.000  0.926
  0.887  0.461  0.000  2.233
  0.000  0.000  1.000  0.000
  0.000  0.000  0.000  1.000
At time 1699853693.909601935
- Translation: [2.393, -0.603, 0.000]
- Rotation: in Quaternion [0.000, 0.000, -0.412, 0.911]
- Rotation: in RPY (radian) [0.000, 0.000, -0.850]
- Rotation: in RPY (degree) [0.000, 0.000, -48.724]
- Matrix:
  0.660  0.752  0.000  2.393
 -0.752  0.660 -0.000 -0.603
 -0.000  0.000  1.000  0.000
  0.000  0.000  0.000  1.000
At time 1699853694.902435966
- Translation: [2.020, -0.834, 0.000]
- Rotation: in Quaternion [0.000, 0.000, 0.002, 1.000]
- Rotation: in RPY (radian) [0.000, -0.000, 0.004]
- Rotation: in RPY (degree) [0.000, -0.000, 0.209]
- Matrix:
  1.000 -0.004  0.000  2.020
  0.004  1.000  0.000 -0.834
  0.000  0.000  1.000  0.000
  0.000  0.000  0.000  1.000
At time 1699853695.910372789
- Translation: [1.863, -0.813, 0.000]
- Rotation: in Quaternion [0.000, 0.000, -0.346, 0.938]
- Rotation: in RPY (radian) [0.000, 0.000, -0.707]
- Rotation: in RPY (degree) [0.000, 0.000, -40.487]
- Matrix:
  0.761  0.649  0.000  1.863
 -0.649  0.761 -0.000 -0.813
 -0.000  0.000  1.000  0.000
  0.000  0.000  0.000  1.000
At time 1699853696.902436963
- Translation: [2.853, -0.932, 0.000]
- Rotation: in Quaternion [0.000, 0.000, -0.167, 0.986]
- Rotation: in RPY (radian) [0.000, 0.000, -0.335]
- Rotation: in RPY (degree) [0.000, 0.000, -19.174]
- Matrix:
  0.945  0.328  0.000  2.853
 -0.328  0.945 -0.000 -0.932
 -0.000  0.000  1.000  0.000
  0.000  0.000  0.000  1.000
At time 1699853697.909614766
- Translation: [3.103, -0.319, 0.000]
- Rotation: in Quaternion [0.000, 0.000, -0.231, 0.973]
- Rotation: in RPY (radian) [0.000, 0.000, -0.466]
- Rotation: in RPY (degree) [0.000, 0.000, -26.679]
- Matrix:
  0.894  0.449  0.000  3.103
 -0.449  0.894 -0.000 -0.319
 -0.000  0.000  1.000  0.000
  0.000  0.000  0.000  1.000
At time 1699853698.901921150
- Translation: [2.242, -1.165, 0.000]
- Rotation: in Quaternion [0.000, 0.000, -0.537, 0.843]
- Rotation: in RPY (radian) [0.000, 0.000, -1.134]
- Rotation: in RPY (degree) [0.000, 0.000, -64.996]
- Matrix:
  0.423  0.906  0.000  2.242
 -0.906  0.423 -0.000 -1.165
 -0.000  0.000  1.000  0.000
  0.000  0.000  0.000  1.000
At time 1699853699.910476582
- Translation: [2.180, -0.766, 0.000]
- Rotation: in Quaternion [0.000, 0.000, 0.133, 0.991]
- Rotation: in RPY (radian) [0.000, -0.000, 0.267]
- Rotation: in RPY (degree) [0.000, -0.000, 15.272]
- Matrix:
  0.965 -0.263  0.000  2.180
  0.263  0.965  0.000 -0.766
  0.000  0.000  1.000  0.000
  0.000  0.000  0.000  1.000
At time 1699853700.901960551
- Translation: [1.610, 0.728, 0.000]
- Rotation: in Quaternion [0.000, 0.000, 0.649, 0.761]
- Rotation: in RPY (radian) [0.000, -0.000, 1.412]
- Rotation: in RPY (degree) [0.000, -0.000, 80.879]
- Matrix:
  0.159 -0.987  0.000  1.610
  0.987  0.159  0.000  0.728
  0.000  0.000  1.000  0.000
  0.000  0.000  0.000  1.000
At time 1699853701.909282264
- Translation: [0.988, 1.177, 0.000]
- Rotation: in Quaternion [0.000, 0.000, 0.858, 0.514]
- Rotation: in RPY (radian) [0.000, -0.000, 2.063]
- Rotation: in RPY (degree) [0.000, -0.000, 118.202]
- Matrix:
 -0.473 -0.881  0.000  0.988
  0.881 -0.473  0.000  1.177
  0.000  0.000  1.000  0.000
  0.000  0.000  0.000  1.000
At time 1699853702.902450527
- Translation: [1.041, 1.303, 0.000]
- Rotation: in Quaternion [0.000, 0.000, 0.826, 0.563]
- Rotation: in RPY (radian) [0.000, -0.000, 1.945]
- Rotation: in RPY (degree) [0.000, -0.000, 111.433]
- Matrix:
 -0.365 -0.931  0.000  1.041
  0.931 -0.365  0.000  1.303
  0.000  0.000  1.000  0.000
  0.000  0.000  0.000  1.000
At time 1699853703.909559254
- Translation: [1.073, 0.640, 0.000]
- Rotation: in Quaternion [0.000, 0.000, 0.965, 0.261]
- Rotation: in RPY (radian) [0.000, -0.000, 2.613]
- Rotation: in RPY (degree) [0.000, -0.000, 149.698]
- Matrix:
 -0.863 -0.505  0.000  1.073
  0.505 -0.863  0.000  0.640
  0.000  0.000  1.000  0.000
  0.000  0.000  0.000  1.000
At time 1699853704.901681891
- Translation: [0.596, 0.915, 0.000]
- Rotation: in Quaternion [0.000, 0.000, 0.937, 0.351]
- Rotation: in RPY (radian) [0.000, -0.000, 2.425]
- Rotation: in RPY (degree) [0.000, -0.000, 138.964]
- Matrix:
 -0.754 -0.657  0.000  0.596
  0.657 -0.754  0.000  0.915
  0.000  0.000  1.000  0.000
  0.000  0.000  0.000  1.000
At time 1699853705.909867384
- Translation: [0.518, 1.099, 0.000]
- Rotation: in Quaternion [0.000, 0.000, 0.876, 0.482]
- Rotation: in RPY (radian) [0.000, -0.000, 2.135]
- Rotation: in RPY (degree) [0.000, -0.000, 122.333]
- Matrix:
 -0.535 -0.845  0.000  0.518
  0.845 -0.535  0.000  1.099
  0.000  0.000  1.000  0.000
  0.000  0.000  0.000  1.000
At time 1699853706.902148119
- Translation: [0.455, 0.632, 0.000]
- Rotation: in Quaternion [0.000, 0.000, 0.975, 0.222]
- Rotation: in RPY (radian) [0.000, -0.000, 2.694]
- Rotation: in RPY (degree) [0.000, -0.000, 154.366]
- Matrix:
 -0.902 -0.433  0.000  0.455
  0.433 -0.902  0.000  0.632
  0.000  0.000  1.000  0.000
  0.000  0.000  0.000  1.000
At time 1699853707.909483554
- Translation: [0.533, 0.992, 0.000]
- Rotation: in Quaternion [0.000, 0.000, 0.912, 0.411]
- Rotation: in RPY (radian) [0.000, -0.000, 2.294]
- Rotation: in RPY (degree) [0.000, -0.000, 131.458]
- Matrix:
 -0.662 -0.749  0.000  0.533
  0.749 -0.662  0.000  0.992
  0.000  0.000  1.000  0.000
  0.000  0.000  0.000  1.000
At time 1699853708.901442829
- Translation: [1.595, 1.765, 0.000]
- Rotation: in Quaternion [0.000, 0.000, 0.488, 0.873]
- Rotation: in RPY (radian) [0.000, -0.000, 1.019]
- Rotation: in RPY (degree) [0.000, -0.000, 58.411]
- Matrix:
  0.524 -0.852  0.000  1.595
  0.852  0.524  0.000  1.765
  0.000  0.000  1.000  0.000
  0.000  0.000  0.000  1.000
At time 1699853709.910656830
- Translation: [3.179, 1.058, 0.000]
- Rotation: in Quaternion [0.000, 0.000, 0.137, 0.991]
- Rotation: in RPY (radian) [0.000, -0.000, 0.275]
- Rotation: in RPY (degree) [0.000, -0.000, 15.743]
- Matrix:
  0.962 -0.271  0.000  3.179
  0.271  0.962  0.000  1.058
  0.000  0.000  1.000  0.000
  0.000  0.000  0.000  1.000
At time 1699853710.902231936
- Translation: [2.986, 0.724, 0.000]
- Rotation: in Quaternion [0.000, 0.000, 0.305, 0.952]
- Rotation: in RPY (radian) [0.000, -0.000, 0.620]
- Rotation: in RPY (degree) [0.000, -0.000, 35.498]
- Matrix:
  0.814 -0.581  0.000  2.986
  0.581  0.814  0.000  0.724
  0.000  0.000  1.000  0.000
  0.000  0.000  0.000  1.000
At time 1699853711.910407709
- Translation: [2.478, 1.385, 0.000]
- Rotation: in Quaternion [0.000, 0.000, 0.463, 0.886]
- Rotation: in RPY (radian) [0.000, -0.000, 0.963]
- Rotation: in RPY (degree) [0.000, -0.000, 55.184]
- Matrix:
  0.571 -0.821  0.000  2.478
  0.821  0.571  0.000  1.385
  0.000  0.000  1.000  0.000
  0.000  0.000  0.000  1.000
At time 1699853712.902000704
- Translation: [2.160, 1.473, 0.000]
- Rotation: in Quaternion [0.000, 0.000, 0.400, 0.916]
- Rotation: in RPY (radian) [0.000, -0.000, 0.823]
- Rotation: in RPY (degree) [0.000, -0.000, 47.172]
- Matrix:
  0.680 -0.733  0.000  2.160
  0.733  0.680  0.000  1.473
  0.000  0.000  1.000  0.000
  0.000  0.000  0.000  1.000
At time 1699853713.909484753
- Translation: [2.333, 0.417, 0.000]
- Rotation: in Quaternion [0.000, 0.000, 0.184, 0.983]
- Rotation: in RPY (radian) [0.000, -0.000, 0.370]
- Rotation: in RPY (degree) [0.000, -0.000, 21.199]
- Matrix:
  0.932 -0.362  0.000  2.333
  0.362  0.932  0.000  0.417
  0.000  0.000  1.000  0.000
  0.000  0.000  0.000  1.000
At time 1699853714.901482328
- Translation: [2.168, -0.014, 0.000]
- Rotation: in Quaternion [0.000, 0.000, -0.220, 0.976]
- Rotation: in RPY (radian) [0.000, 0.000, -0.444]
- Rotation: in RPY (degree) [0.000, 0.000, -25.415]
- Matrix:
  0.903  0.429  0.000  2.168
 -0.429  0.903 -0.000 -0.014
 -0.000  0.000  1.000  0.000
  0.000  0.000  0.000  1.000
At time 1699853715.910906637
- Translation: [2.278, -0.467, 0.000]
- Rotation: in Quaternion [0.000, 0.000, 0.102, 0.995]
- Rotation: in RPY (radian) [0.000, -0.000, 0.205]
- Rotation: in RPY (degree) [0.000, -0.000, 11.723]
- Matrix:
  0.979 -0.203  0.000  2.278
  0.203  0.979  0.000 -0.467
  0.000  0.000  1.000  0.000
  0.000  0.000  0.000  1.000
At time 1699853716.901219658
- Translation: [2.226, 0.110, 0.000]
- Rotation: in Quaternion [0.000, 0.000, 0.509, 0.861]
- Rotation: in RPY (radian) [0.000, -0.000, 1.067]
- Rotation: in RPY (degree) [0.000, -0.000, 61.136]
- Matrix:
  0.483 -0.876  0.000  2.226
  0.876  0.483  0.000  0.110
  0.000  0.000  1.000  0.000
  0.000  0.000  0.000  1.000
At time 1699853717.910202109
- Translation: [1.353, 0.243, 0.000]
- Rotation: in Quaternion [0.000, 0.000, 0.923, 0.384]
- Rotation: in RPY (radian) [0.000, -0.000, 2.354]
- Rotation: in RPY (degree) [0.000, -0.000, 134.855]
- Matrix:
 -0.705 -0.709  0.000  1.353
  0.709 -0.705  0.000  0.243
  0.000  0.000  1.000  0.000
  0.000  0.000  0.000  1.000
At time 1699853718.902404526
- Translation: [1.041, -0.725, 0.000]
- Rotation: in Quaternion [0.000, 0.000, 0.938, 0.346]
- Rotation: in RPY (radian) [0.000, -0.000, 2.436]
- Rotation: in RPY (degree) [0.000, -0.000, 139.575]
- Matrix:
 -0.761 -0.648  0.000  1.041
  0.648 -0.761  0.000 -0.725
  0.000  0.000  1.000  0.000
  0.000  0.000  0.000  1.000
At time 1699853719.909436095
- Translation: [0.679, -0.312, 0.000]
- Rotation: in Quaternion [0.000, 0.000, 0.996, 0.094]
- Rotation: in RPY (radian) [0.000, -0.000, 2.953]
- Rotation: in RPY (degree) [0.000, -0.000, 169.207]
- Matrix:
 -0.982 -0.187  0.000  0.679
  0.187 -0.982  0.000 -0.312
  0.000  0.000  1.000  0.000
  0.000  0.000  0.000  1.000
At time 1699853720.901705311
- Translation: [0.390, -0.077, 0.000]
- Rotation: in Quaternion [0.000, 0.000, 0.993, -0.116]
- Rotation: in RPY (radian) [0.000, -0.000, -2.909]
- Rotation: in RPY (degree) [0.000, -0.000, -166.679]
- Matrix:
 -0.973  0.230  0.000  0.390
 -0.230 -0.973  0.000 -0.077
  0.000  0.000  1.000  0.000
  0.000  0.000  0.000  1.000
At time 1699853721.909498014
- Translation: [0.198, -0.018, 0.000]
- Rotation: in Quaternion [0.000, 0.000, 0.977, -0.213]
- Rotation: in RPY (radian) [0.000, -0.000, -2.712]
- Rotation: in RPY (degree) [0.000, -0.000, -155.396]
- Matrix:
 -0.909  0.416  0.000  0.198
 -0.416 -0.909  0.000 -0.018
  0.000  0.000  1.000  0.000
  0.000  0.000  0.000  1.000
At time 1699853722.902659424
- Translation: [0.099, -0.004, 0.000]
- Rotation: in Quaternion [0.000, 0.000, 0.966, -0.258]
- Rotation: in RPY (radian) [0.000, -0.000, -2.620]
- Rotation: in RPY (degree) [0.000, -0.000, -150.115]
- Matrix:
 -0.867  0.498  0.000  0.099
 -0.498 -0.867  0.000 -0.004
  0.000  0.000  1.000  0.000
  0.000  0.000  0.000  1.000
At time 1699853723.909743733
- Translation: [0.049, -0.001, 0.000]
- Rotation: in Quaternion [0.000, 0.000, 0.960, -0.280]
- Rotation: in RPY (radian) [0.000, -0.000, -2.575]
- Rotation: in RPY (degree) [0.000, -0.000, -147.528]
- Matrix:
 -0.844  0.537  0.000  0.049
 -0.537 -0.844  0.000 -0.001
  0.000  0.000  1.000  0.000
  0.000  0.000  0.000  1.000
